"Ró¿nych wyrazów" "Wszystkich wyrazów" "Rozpoznanych s³ów" "Rozpoznanych ró¿nych s³ów" "Ró¿nych rdzeni"
"AdamHofman" 3651 6976 5167 2678 1957
"adamwarzecha" 712 957 645 496 425
"AndrzejDuda" 4208 8083 6921 3584 2458
"aowczarczak" 3528 7702 6720 2892 2025
"ArekGodlewski" 1756 2763 2455 1540 1134
"Arlukowicz" 3022 5935 5102 2541 1788
"arturgierada" 1049 1473 1160 799 645
"BarbaraKudrycka" 1294 1962 1646 1057 818
"CTomczyk" 3066 6756 5591 2494 1741
"DarekDolczewski" 5733 12157 9128 3854 2467
"DawidJackiewicz" 1486 2389 1987 1246 984
"Eurobugaj" 2466 3928 3333 2036 1529
"EwaKopacz" 575 750 679 511 420
"Filemonowicz" 1629 2481 1992 1340 1061
"girzynski" 620 877 665 472 416
"GKZorbas" 7518 17210 13515 5836 3633
"gnapieralski" 2528 4881 3769 1961 1377
"gornig" 489 628 505 406 352
"HannaZdanowska" 2448 4454 3824 2041 1488
"janusz_sepiol" 5231 8093 6071 3562 2526
"JaroslawPieta" 562 711 576 437 364
"JerzyBuzek" 3773 15070 2774 565 525
"jerzymaterna" 1413 2391 1993 1175 895
"jkaczynski_info" 667 1831 1094 391 321
"Joanna_Senyszyn" 737 1290 761 409 364
"joannabrodka" 1172 1857 1510 886 702
"johngodson" 1665 2939 2190 1117 846
"jskrzydlewska" 994 1462 1082 741 610
"jszmajdzinski" 573 720 576 455 400
"K_Morawiecki" 404 523 328 250 204
"kaminskimichal" 157 187 166 143 125
"katarzyna_munio" 547 763 567 382 320
"KBienkowski" 2989 5667 4742 2474 1817
"kbrejza" 101 105 84 80 78
"KDombrowicz" 321 408 326 259 226
"komorowski" 469 696 548 345 281
"KonarskiLukasz" 148 172 125 112 105
"korwinmikke" 4461 9334 6972 2779 1897
"kozakzbigniew" 1033 1541 1114 708 610
"kpogorzelski" 5818 12840 10470 4428 2885
"kppis" 4030 8713 5917 2433 1670
"ktyszkiewicz" 5834 13187 10506 4446 2914
"LudowcyPSL" 1735 2672 1939 1233 911
"LukasOprawski" 385 482 417 327 298
"m_wieczorek" 251 296 254 215 186
"maciejowski_waw" 6160 12913 10225 4773 3198
"MaciejSonik" 6478 15464 12575 5077 3239
"MarciniukTomasz" 7773 17568 13888 6113 3895
"MarcinOciepa" 2412 3934 2984 1680 1266
"marekjurek" 6160 16690 12089 4553 2852
"MarekLapinski" 3197 5561 4192 2303 1603
"MarekLucyk" 370 583 426 286 252
"mareksiwiec" 2275 3400 2270 1490 1178
"MarekSuski" 325 390 340 282 251
"mariuszkaminski" 7249 19341 16239 5963 3677
"mblaszczak" 16 16 13 13 13
"mhorala" 5847 12477 10462 4941 3365
"MichalBuchta" 6642 15122 11791 4900 3120
"MichalSzczerba" 544 694 547 435 387
"MichOwczarczak" 521 681 537 417 366
"mkraczkowski" 876 1143 955 709 581
"Mlynarczyk" 5202 11386 9334 4200 2791
"mmarcinkiewicz" 438 581 460 348 300
"naczas" 5124 11622 9619 4134 2669
"orzechowski_m_b" 6238 13039 10291 4826 3224
"Palikot_Janusz" 973 1343 1108 793 655
"PatrykJaki" 532 666 519 396 338
"pawelkowalpl" 2014 3165 2592 1587 1185
"PawelPoncyljusz" 5258 10604 9053 4286 2830
"pawlakwaldemar" 1327 1766 1364 989 762
"PilchJacek" 1990 3348 2611 1586 1222
"PisalskiG" 16 19 15 12 11
"Platforma_org" 3767 8167 5682 2435 1651
"PO_Gliwice" 44 51 29 27 27
"pomaska" 5904 14066 11100 4331 2813
"PremierRP" 5101 14686 11772 3485 2156
"r_czarnecki" 640 793 617 491 432
"Raczkowski" 78 81 68 65 63
"radwitkowski" 173 185 146 137 129
"RafalBruski" 351 406 348 301 270
"rafalrudnicki" 6391 15649 12282 5082 3250
"RenataZaremba" 997 1437 1183 806 678
"rydlinski" 5367 12106 8979 3751 2586
"SidoniaJ" 2894 5398 3942 2020 1452
"sikorskiradek" 5356 12336 8799 3684 2543
"SlawomirNitras" 2749 5209 4251 2179 1560
"SlawomirNowak" 3899 7156 5523 2881 2003
"StanislawKracik" 557 761 620 456 385
"stronnictwo" 1420 2471 1593 935 750
"TomaszKacprzak" 544 853 687 427 367
"TomaszNalecz" 8 8 5 5 5
"TomaszSiemoniak" 7414 16888 13717 5724 3494
"TomaszTutak" 5801 11474 8997 4329 2923
"TomaszZdzikot" 6612 14500 11355 4971 3252
"TROJKAdaMalecki" 9307 27250 17915 5562 3493
"wolejniczak1" 4410 9423 7171 3205 2090
"Dziennikarz" 12401 34446 24205 8307 5049
