7, t `
500 “ eg° ą
 tego: Z t9303
497
49B ` _ W
493  tego: ą 495 “im” ą
Dai: ›?? R02 :l: zia?? 7? Nazwa Plan _ł
Wydatki?`r ie????ce
“W atm'  igäviiišhiasgaaàuk zwümánitüüa  ja   ü33  ?mlá"*"“i" "Rmf Uœmütüfgwüm ww'  mdwäüwäšéšyšišxläš %`š.›°§`§3§%rlrs‹„wa 1e z?u‹
505 504 503 502 501 499 494 467 466 492 491 490 469 496 466 `
1 2 3 4 a' " 7 6 0 '0 1.1 '2 '3 14 15 16 ',7 16

465 464 463 462 461 ) 460 o 479 476 477 476 1 475 474 1 473 i 472 471 470 469 J 466 `
i0 Rolnictwo i ??owiectwo 60070 60070 60070 0 60070 0 0 0 0 0 0 0 0 0

467 466 465 464 463 462 461 460 459 456 457 456 455 454 453 452 451 450 `
1006 Melioracje wodne 50000 50000 50000 0 50000 0 0 0 0 0 0 0 0 0

449 446 447 446 445 444 443 442 441 440 439 436 437 436 435 434 433 432 `
1030 Izby rolnicze 6070 6070 6070 0 6070 0 0 0 0 0 0 0 0 0

431 430 429 426 427 426 425 424 423 422 421 420 419 416 417 416 415 414 `
1095 Pozosta??a dzia??alno??'. ? 2000 2000 2000 0 2000 0 0 0 0 0 0 0 0 0

413 412 41 1 410 409 406 407 406 405 404 403 402 40 1 400 399 396 397 396 `
000 Transport i ????czno???': 67163.15 1546315 520000 0 520000 1023312 0 0 0 0 5170000 5170000 2030000 0

395 394 393 392 391 390 369 366 367 366 365 364 363 362 361 360 379 376 `
6000: Lokalny transport zbiorcwy 623315 403315 0 0 0 403315 0 0 0 0 420000 420000 0 0

377 376 375 374 373 372 371 370 369 366 367 366 365 364 363 362 361 360 `
60013 Drogi publiczne mjewod? ?cie 1000000 0 0 0 0 0 0 0 0 0 1000000 1000000 0 0

359 356 357 356 355 354 353 352 351 350 349 346 347 346 345 344 343 342 `
60010 Drogi publiczne gminne 4675000 1125000 500000 0 500000  0 0 0 0 3750000 3750000 2030000 0

341 340 339 336 337 336 335 334 333 332 331 330 329 326 327 326 325 324 `
6001" Drogi wewnetrzne 20000 20000 20000 0 20000 0 0 0 0 0 0 0 0 0

323 322 321 320 319 316 317 316 315 314 313 312 311 310 309 306 307 306 `
700 Gospodarka mieszkaniow a 622151716 5060176 5975376 1464000 451 1376 0 4600 0 0 0 265000 265000 0 0

305 304 303 302 301 300 299 296 297 296 295 294 293 292 291 290 269 266 `
79004,- R????nejedncstlzi. obslugi gospodarmšrütššrike niowej 5610176 5605376 1464000 4141376 0 4600 0 0 0 100000 100000 0 0

267 266 265 264 263 262 261 260 279 276 277 276 275 274 273 272 271 270 `
7000M Gcvspodnrkr:. gmntami i rieruchomdàśšñäñšl 370000 370000 0 370000 0 0 0 0 0 165000 165000 0 0

269 266 267 266 265 264 263 262 261 260 259 256 257 256 255 254 253 252 `
710 Dzialalno???? uslugowa 265000 265000 265000 0 265000 0 0 0 0 0 0 0 0 0

251 250 249 246 247 246 245 244 243 242 241 240 239 236 237 236 235 234 `
71004,- Plazrç; zagospodarowania przestrze1110é§300 100000 100000 O 100000 O O O O O O O O O

233 232 231 230 229 226 227 226 225 224 223 222 221 220 219 216 217 216 `
710113 Prace gandezyjne i läart( graficzne Qñfälštvvresslycyjne) 60000 60000 O 60000 O O O O O O O O 0

215 214 213 212 211 210 209 206 207 206 205 204 203 202 201 200 199 196 `
71031 '› Cmentarze 125000 125000 125000 0 125000 0 0 0 0 0 0 0 0 0

197 196 195 194 193 192 191 190 169 166 167 166 165 164 163 162 161 160 `
750 Administracja publiczna 6090076 6044.076 5717073 4264070 1433000 25000 302000 0 0 0 55000 55000 0 0

179 176 177 176 175 174 173 172 171 170 169 166 167 166 165 164 163 162 `
7501 , Urz??dy wojew??dzkie 420476 420476 420-173 392670 27606 0 0 0 0 0 0 0 0 0

161 160 159 156 157 156 155 154 153 152 151 150 149 146 147 146 145 144 `
7502i! Rady grain. (mfLast i miast na prawäéñêłgłñwiagu) 340200 40200 O 40200 O 300000 O O O O O O O

143 142 141 140 139 136 137 136 135 134 133 132 131 130 129 126 127 126 `
75023 Urz??dy: gmin (miast i niast na préüflüävüifoárńatu) 46073700 4600700 3636700 964000 0 2000 0 0 0 55000 55000 0 0

125 124 123 122 121 120 119 116 117 116 115 114 113 112 111 110 109 106 `
750743 Proma-znaja jeadnostek sam 9rz??du te4'?6&'i73à]11`.‹2 go 476200 453200 54500 390700 25000 O O O O O O 0 O

107 106 105 104 103 102 101 100 99 96 97 96 95 94 93 92 91 90 `
7509M Pozostala dzia??alno???? 2500 2500 2500 0 2500 0 0 0 0 0 0 0 0 0

69 66 67 66 65 64 63 62 61 60 79 76 77 76 75 74 73 72 `
751 Urz??dy naczelnych orga n??w w??a4¶ży6pa:??stwowejñkatiłłüli i cchrony płata. arr: z S??d01łaü35ITć« 1163 0 0 0 O O O O O O

71 70 69 66 67 66 65 64 63 62 61 60 59 56 57 56 55 54 `
7510 . `Urz??dy naczelnych orga n??w w??a4¶ży6paf??stwowej,?katiłł6›li i cchrony płràtü 2635 1163 O O O O O O O O O

53 52 51 50 49 46 47 46 45 44 43 42 41 40 39 36 37 36 `
752 Obrona narodowa 1400 1400 1400 0 1400 0 0 0 0 0 0 0 0 0

35 34 33 32 31 30 29 26 27 26 25 24 23 22 21 20 19 16 `
7521i! Pozosta??e wydatki obronne 400 400 40D O 40D O O O O O O O O O

17 16 15 14 13 12 11 10 9 6 7 6 5 4 3 2 1 0 `

