Belgium 1.81 2.28 5404 9015
Bulgaria 0.48 0.65 99 267
Czech_Republic 1.15 1.91 1100 2997
Denmark 2.42 3.05 4897 7731
Germany 2.42 2.94 54967 82482
Estonia 0.85 1.74 83 326
Ireland* 1.18 1.58 1840 2723
Greece 0.53 0.78 1021 1427
Spain 1.04 1.24 8946 13052
France 2.09 2.23 35693 47160
Croatia 1.03 0.81 345 355
Italy 1.05 1.25 15253 20203
Cyprus 0.34 0.48 47 86
Latvia 0.40 0.60 47 139
Lithuania 0.75 0.95 137 332
Luxembourg 1.63 1.16 448 523
Hungary 0.87 1.41 721 1415
Malta 0.49 0.85 24 64
Netherlands 1.82 1.98 9469 12743
Austria 2.17 2.81 5250 9074
Poland 0.56 0.87 1139 3436
Portugal 0.73 1.36 1110 2322
Romania 0.38 0.39 235 558
Slovenia 1.37 2.59 379 935
Slovakia 0.50 0.83 174 611
Finland 3.31 3.32 5253 6684
Sweden 3.39 3.21 10426 13995
United_Kingdom 1.61 1.63 29834 32784
Iceland 2.69 2.49 364 263
Norway 1.57 1.69 3290 6530
Switzerland 2.82 3.13 8486 15357
Serbia NA 0.91 NA 287
Turkey 0.52 0.92 1630 5646
China 1.23 1.98 19097 127059
Japan 3.13 3.38 117396 143701
Russia 1.15 1.11 5473 17710
South_Korea 2.68 4.04 15595 32371
United_States 2.49 2.81 245711 353007