Albania 92 3.80 76 4.11 58 4.33 68 4.40 120 3.38 77 3.69 98 2.89
Algeria 136 3.08 108 3.38 143 2.99 144 2.79 142 2.39 133 2.59 49 4.34
Argentina 86 3.84 53 4.59 140 3.18 140 3.29 131 3.18 67 3.85 23 4.94
Armenia 82 3.86 70 4.22 72 4.22 30 4.72 78 3.97 92 3.40 115 2.62
Australia 13 5.20 11 5.64 24 4.87 42 4.60 8 5.35 19 5.61 21 5.10
Austria 19 5.01 18 5.48 22 4.91 32 4.69 34 4.65 17 5.70 36 4.62
Azerbaijan 67 4.05 89 3.91 60 4.31 26 4.80 98 3.73 61 4.04 76 3.51
Bahrain 35 4.58 34 4.93 16 5.10 21 4.89 18 4.99 39 4.72 103 2.86
Bangladesh 107 3.62 126 2.88 95 4.10 117 3.91 95 3.74 125 2.74 47 4.36
Barbados 49 4.37 19 5.38 64 4.29 29 4.75 33 4.66 30 5.14 134 1.97
Belgium 17 5.09 4 5.81 15 5.12 50 4.54 31 4.68 22 5.57 27 4.81
Benin 125 3.31 120 3.07 132 3.66 67 4.40 112 3.55 124 2.75 122 2.45
Bolivia 122 3.35 92 3.83 138 3.40 132 3.58 126 3.33 127 2.73 82 3.25
Bosnia and Herzegovina 97 3.75 72 4.18 109 3.92 99 4.08 119 3.41 68 3.84 93 3.07
Botswana 89 3.82 95 3.74 78 4.20 60 4.46 53 4.39 106 3.17 97 2.94
Brazil 38 4.52 66 4.27 104 3.94 69 4.39 46 4.45 48 4.43 9 5.63
Brunei Darussalam 68 4.05 57 4.40 73 4.22 13 5.07 56 4.27 64 3.95 124 2.39
Bulgaria 59 4.18 63 4.31 83 4.17 49 4.54 80 3.97 52 4.30 62 3.82
Burkina Faso 129 3.22 137 2.50 118 3.80 64 4.42 117 3.43 137 2.52 114 2.64
Burundi 144 2.56 143 1.98 139 3.28 112 3.97 144 2.31 144 2.22 140 1.57
Cambodia 85 3.84 111 3.32 50 4.42 28 4.78 64 4.11 100 3.28 89 3.15
Cameroon 111 3.57 115 3.25 89 4.15 58 4.48 105 3.64 126 2.73 87 3.18
Canada 6 5.41 15 5.57 13 5.12 4 5.45 11 5.28 20 5.60 13 5.45
Cape Verde 128 3.22 99 3.65 105 3.93 126 3.72 121 3.37 90 3.43 143 1.25
Chad 141 2.91 140 2.34 141 3.08 95 4.12 137 3.01 143 2.23 112 2.70
Chile 32 4.63 46 4.72 30 4.74 34 4.68 28 4.73 44 4.48 42 4.44
China 30 4.64 62 4.32 59 4.31 41 4.60 54 4.31 88 3.50 2 6.82
Colombia 63 4.13 67 4.27 99 3.98 88 4.17 67 4.10 80 3.62 31 4.65
Costa Rica 60 4.18 41 4.78 62 4.30 52 4.51 101 3.67 46 4.45 81 3.35
Côte dIvoire 115 3.53 123 2.99 122 3.78 71 4.38 103 3.65 99 3.32 94 3.05
Croatia 72 4.01 56 4.47 114 3.85 106 4.00 92 3.79 50 4.36 71 3.57
Cyprus 43 4.41 32 4.98 33 4.68 44 4.57 38 4.56 37 4.85 106 2.81
Czech Republic 34 4.59 38 4.87 41 4.53 75 4.32 57 4.25 31 5.06 40 4.51
Denmark 15 5.15 14 5.59 19 5.03 8 5.22 30 4.69 3 6.17 53 4.22
Dominican Republic 93 3.79 97 3.69 101 3.97 107 4.00 96 3.74 78 3.68 65 3.66
Ecuador 100 3.68 91 3.84 129 3.70 135 3.49 110 3.58 82 3.59 60 3.90
Egypt 101 3.67 109 3.32 125 3.76 142 3.06 102 3.67 91 3.43 29 4.77
El Salvador 103 3.66 105 3.45 74 4.21 121 3.86 81 3.95 102 3.26 83 3.23
Estonia 31 4.63 25 5.17 31 4.73 10 5.11 39 4.51 25 5.29 96 2.98
Ethiopia 123 3.33 134 2.67 120 3.79 87 4.18 129 3.24 140 2.48 66 3.64
Finland 9 5.30 1 6.18 18 5.05 15 5.00 4 5.50 10 5.92 54 4.18
France 18 5.04 27 5.14 46 4.47 66 4.41 27 4.73 14 5.72 8 5.76
Gabon 116 3.52 122 3.05 126 3.73 63 4.43 106 3.62 86 3.53 110 2.74
Gambia, The 114 3.54 94 3.77 94 4.10 31 4.72 69 4.07 109 3.13 141 1.42
Georgia 87 3.84 93 3.82 82 4.18 35 4.67 93 3.79 76 3.71 99 2.87
Germany 10 5.27 5 5.80 21 4.92 53 4.51 32 4.66 15 5.71 5 6.02
Ghana 95 3.77 107 3.40 76 4.20 97 4.08 59 4.21 108 3.13 70 3.57
Greece 69 4.05 43 4.74 108 3.92 133 3.56 132 3.13 43 4.54 46 4.38
Guatemala 81 3.92 104 3.52 66 4.29 90 4.16 41 4.48 87 3.52 73 3.54
Guinea 134 3.10 136 2.60 127 3.71 56 4.49 135 3.07 142 2.45 129 2.27
Guyana 109 3.61 87 3.97 84 4.17 85 4.23 86 3.87 94 3.39 132 2.03
Haiti 143 2.76 144 1.90 142 3.03 83 4.24 141 2.55 138 2.49 127 2.35
Honduras 102 3.66 106 3.43 92 4.10 134 3.52 51 4.43 97 3.34 88 3.16
Hong Kong SAR 3 5.54 22 5.26 2 5.44 3 5.65 1 5.89 4 6.16 26 4.82
Hungary 52 4.32 49 4.67 67 4.28 79 4.27 72 4.05 49 4.43 52 4.25
Iceland 36 4.54 13 5.60 45 4.47 12 5.10 97 3.74 8 5.99 126 2.36
India 39 4.48 86 3.97 75 4.21 82 4.24 21 4.90 96 3.36 3 6.24
Indonesia 58 4.20 73 4.17 63 4.29 120 3.87 70 4.07 85 3.56 16 5.27
Iran, Islamic Rep. 90 3.81 78 4.10 98 4.00 141 3.18 123 3.35 111 3.08 18 5.16
Ireland 25 4.85 20 5.30 9 5.24 16 5.00 108 3.60 12 5.82 56 4.13
Israel 27 4.79 28 5.07 43 4.51 40 4.61 17 5.03 29 5.23 51 4.30
Italy 41 4.44 45 4.73 65 4.29 127 3.72 111 3.57 40 4.71 10 5.63
Jamaica 80 3.93 75 4.12 80 4.19 77 4.32 55 4.30 73 3.80 100 2.86
Japan 11 5.27 21 5.28 20 4.98 20 4.89 36 4.63 16 5.70 4 6.13
Jordan 70 4.03 55 4.49 44 4.50 101 4.02 65 4.11 69 3.82 84 3.23
Kazakhstan 56 4.24 58 4.37 71 4.24 19 4.98 115 3.49 55 4.20 55 4.14
Kenya 76 3.97 100 3.59 93 4.10 39 4.62 24 4.74 101 3.27 75 3.52
Korea, Rep. 20 5.00 17 5.52 29 4.75 73 4.35 71 4.06 18 5.70 11 5.60
Kuwait 75 3.98 82 4.01 90 4.14 98 4.08 76 4.00 74 3.77 61 3.88
Kyrgyz Republic 118 3.40 98 3.66 123 3.78 72 4.36 118 3.42 130 2.63 117 2.58
Latvia 48 4.37 42 4.78 47 4.42 27 4.78 52 4.40 38 4.73 91 3.11
Lebanon 66 4.06 48 4.70 36 4.57 105 4.00 66 4.10 93 3.39 69 3.59
Lesotho 137 3.05 135 2.65 102 3.97 116 3.92 122 3.36 136 2.53 136 1.86
Liberia 121 3.36 114 3.30 40 4.54 61 4.45 74 4.03 132 2.62 144 1.24
Libya 131 3.19 103 3.56 137 3.45 137 3.46 140 2.68 110 3.11 102 2.86
Lithuania 46 4.38 26 5.15 56 4.36 65 4.41 87 3.86 33 5.00 74 3.53
Luxembourg 24 4.87 44 4.74 4 5.32 37 4.65 12 5.21 2 6.21 92 3.07
Macedonia, FYR 84 3.85 81 4.04 68 4.28 94 4.13 79 3.97 71 3.81 104 2.85
Madagascar 132 3.18 133 2.67 115 3.84 54 4.50 138 2.88 135 2.54 113 2.66
Malawi 120 3.37 129 2.81 112 3.86 43 4.58 75 4.00 134 2.54 123 2.41
Malaysia 23 4.89 39 4.83 11 5.16 24 4.82 6 5.44 51 4.31 28 4.78
Mali 127 3.26 130 2.77 111 3.87 118 3.89 113 3.53 119 2.90 118 2.57
Malta 40 4.46 35 4.93 34 4.62 92 4.14 15 5.11 21 5.59 125 2.38
Mauritania 142 2.88 142 2.23 135 3.58 131 3.60 136 3.04 123 2.75 131 2.07
Mauritius 62 4.14 65 4.29 27 4.80 70 4.38 35 4.65 63 3.98 109 2.74
Mexico 53 4.31 77 4.11 79 4.20 102 4.01 61 4.15 72 3.80 12 5.58
Moldova 99 3.71 88 3.96 100 3.98 81 4.26 104 3.65 65 3.91 121 2.51
Mongolia 96 3.76 83 3.99 85 4.17 33 4.69 127 3.33 70 3.82 116 2.60
Montenegro 74 3.99 51 4.63 48 4.42 93 4.14 40 4.49 56 4.15 130 2.08
Morocco 79 3.94 101 3.58 69 4.27 122 3.84 63 4.12 75 3.71 57 4.11
Mozambique 133 3.10 138 2.39 124 3.77 128 3.72 134 3.09 121 2.80 101 2.86
Namibia 105 3.64 119 3.14 87 4.16 74 4.33 48 4.44 104 3.23 120 2.57
Nepal 126 3.30 128 2.84 121 3.78 125 3.75 91 3.81 129 2.63 95 2.98
Netherlands 7 5.35 6 5.79 6 5.29 17 4.99 20 4.96 9 5.98 20 5.11
New Zealand 14 5.16 10 5.66 3 5.35 9 5.19 5 5.48 23 5.47 63 3.82
Nicaragua 119 3.38 110 3.32 119 3.79 109 3.98 116 3.48 116 2.95 108 2.76
Nigeria 78 3.96 113 3.31 88 4.16 55 4.50 68 4.07 112 3.08 33 4.63
Norway 16 5.15 12 5.61 28 4.79 18 4.98 7 5.42 13 5.78 50 4.31
Oman 45 4.40 61 4.33 25 4.86 36 4.66 26 4.74 54 4.26 72 3.55
Pakistan 98 3.71 124 2.99 97 4.02 130 3.65 73 4.04 118 2.90 30 4.67
Panama 50 4.36 69 4.22 35 4.59 89 4.17 23 4.88 36 4.87 79 3.42
Paraguay 110 3.59 112 3.32 81 4.19 115 3.92 83 3.89 107 3.15 90 3.11
Peru 57 4.23 80 4.05 53 4.37 45 4.56 45 4.46 83 3.57 45 4.40
Philippines 61 4.17 64 4.30 86 4.17 103 4.01 58 4.25 79 3.63 35 4.62
Poland 28 4.69 36 4.92 51 4.39 57 4.48 37 4.59 42 4.66 19 5.12
Portugal 44 4.40 30 4.98 61 4.31 123 3.80 99 3.71 28 5.27 48 4.34
Puerto Rico 33 4.61 24 5.19 26 4.86 38 4.62 29 4.69 41 4.70 68 3.62
Qatar 22 4.93 33 4.94 10 5.24 14 5.01 14 5.12 27 5.28 58 4.01
Romania 64 4.12 59 4.36 113 3.86 104 4.01 77 3.98 59 4.09 43 4.41
Russian Federation 54 4.26 52 4.59 134 3.62 84 4.23 130 3.19 57 4.13 7 5.76
Rwanda 94 3.77 117 3.21 39 4.54 11 5.10 49 4.44 113 3.04 128 2.28
Saudi Arabia 26 4.84 40 4.79 14 5.12 59 4.47 22 4.88 35 4.91 24 4.85
Seychelles 91 3.81 31 4.98 70 4.27 48 4.54 94 3.79 66 3.88 142 1.38
Senegal 106 3.63 116 3.23 77 4.20 80 4.27 84 3.89 95 3.37 105 2.83
Serbia 88 3.83 85 3.97 136 3.57 100 4.04 100 3.68 58 4.10 67 3.64
Sierra Leone 140 2.94 141 2.30 116 3.84 114 3.92 125 3.34 141 2.46 138 1.76
Singapore 1 5.65 2 5.93 1 5.60 2 5.80 2 5.85 5 6.10 37 4.61
Slovak Republic 51 4.33 54 4.50 54 4.37 86 4.20 47 4.45 45 4.46 59 4.00
Slovenia 55 4.25 23 5.20 49 4.42 91 4.15 128 3.29 34 4.96 78 3.46
South Africa 37 4.53 84 3.98 32 4.68 113 3.94 3 5.72 62 4.01 25 4.85
Spain 29 4.67 29 5.02 55 4.37 108 3.98 82 3.90 26 5.29 14 5.45
Sri Lanka 77 3.96 79 4.06 57 4.33 129 3.66 42 4.46 89 3.45 64 3.79
Suriname 124 3.32 102 3.57 128 3.70 96 4.10 107 3.60 105 3.19 139 1.74
Swaziland 130 3.21 125 2.95 107 3.92 119 3.87 89 3.82 128 2.69 133 2.00
Sweden 8 5.32 7 5.75 12 5.14 25 4.81 10 5.29 1 6.29 34 4.62
Switzerland 5 5.48 3 5.90 7 5.26 1 5.90 9 5.30 6 6.02 39 4.52
Taiwan, China 12 5.24 9 5.68 8 5.26 22 4.84 19 4.98 24 5.44 17 5.24
Tajikistan 112 3.56 90 3.86 96 4.04 46 4.55 124 3.35 114 2.97 119 2.57
Tanzania 113 3.55 132 2.71 110 3.89 47 4.55 85 3.87 122 2.77 77 3.50
Thailand 47 4.38 60 4.35 37 4.56 76 4.32 43 4.46 84 3.56 22 5.04
Timor-Leste 138 2.97 131 2.75 130 3.69 78 4.29 139 2.68 131 2.62 137 1.80
Trinidad and Tobago 83 3.85 71 4.20 106 3.92 110 3.97 60 4.17 60 4.06 107 2.80
Turkey 42 4.42 74 4.15 38 4.55 124 3.79 44 4.46 53 4.29 15 5.28
Uganda 104 3.66 127 2.86 103 3.95 23 4.83 62 4.14 117 2.93 85 3.22
Ukraine 65 4.11 47 4.70 117 3.82 62 4.44 114 3.52 81 3.60 38 4.60
United Arab Emirates 21 4.94 37 4.90 5 5.31 7 5.24 25 4.74 32 5.05 44 4.41
United Kingdom 4 5.50 16 5.57 17 5.09 5 5.42 13 5.16 7 6.00 6 5.78
United States 2 5.63 8 5.72 23 4.88 6 5.37 16 5.07 11 5.84 1 6.93
Uruguay 73 4.00 50 4.67 52 4.38 136 3.49 90 3.81 47 4.44 86 3.21
Venezuela 117 3.46 68 4.24 144 2.78 143 2.88 133 3.11 103 3.25 41 4.50
Vietnam 71 4.02 96 3.69 91 4.13 51 4.51 88 3.85 98 3.33 32 4.63
Yemen 139 2.95 139 2.35 131 3.68 138 3.44 143 2.37 139 2.48 80 3.35
Zambia 108 3.61 121 3.07 42 4.53 111 3.97 50 4.43 115 2.96 111 2.71
Zimbabwe 135 3.08 118 3.14 133 3.63 139 3.40 109 3.60 120 2.83 135 1.90
